1332575819 7.0546875
1332576004 7.671875
1332576618 7.2421875
1332577362 7.3671875
1332579603 7.8515625
1332583203 7.7421875
1332627183 6.0625
1332630003 7.765625
1332633603 7.7734375
1332637203 7.7578125
1332640803 7.671875
1332644403 7.7421875
1332648004 4.8984375
1332651604 5.2265625
1332655203 7.703125
1332658803 7.3203125
1332662409 2.109375
1332709204 6.078125
1332745203 6.984375
1332748804 7.3515625
1332795603 7.4609375
1332835203 7.5078125
1332882004 7.5703125
1332918004 7.65625
1332921606 3.75
1332964802 0.0
1333177203 6.9765625
1333178770 7.0703125
1333180807 2.6796875
1333231203 7.546875
1333234803 7.3203125
1333238403 7.4609375
1333242003 7.625
1333245603 7.5859375
1333249203 7.28125
1333252803 7.2734375
1333256403 7.34375
1333260003 7.5390625
1333263604 6.65625
1333267203 6.8359375
1333270808 5.34375
1333274404 5.1796875
1333317603 7.7109375
1333353602 0.0
1333357204 7.5234375
1333404004 7.6640625
1333490404 7.3125
1333526403 7.5703125
1333530004 6.75
1333576804 7.484375
1333663204 7.4765625
1333666803 7.546875
1333670403 7.4609375
1333674004 5.78125
1333677601 0.0
1333678131 6.7578125
1333681204 7.5546875
1333684803 7.4609375
1333688403 7.625
1333692003 7.390625
1333695604 7.0625
1333699203 7.4921875
1333702806 2.9921875
1333778404 7.390625
1333782004 7.3203125
1333785604 5.7109375
1333789203 6.9609375
1333839602 0.0
1333843203 7.546875
1333846803 7.4765625
1333850404 7.171875
1333854003 7.6171875
1333857603 7.6328125
1333861203 7.4921875
1333864803 7.3671875
1333868403 7.28125
1333872004 7.5390625
1333875607 3.1015625
1333879204 7.2734375
1333882803 7.4375
1333926003 7.3671875
1333929603 7.2109375
1333933203 7.703125
1333936804 7.5234375
1333940403 7.6015625
1333944004 6.9453125
1333947604 7.6328125
1333951204 5.6796875
1333954804 6.953125
1333958403 7.6015625
1333962004 7.578125
1334044805 4.1953125
1334048405 5.8671875
1334091604 7.6015625
1334131210 1.703125
1334134803 7.4921875
1334138403 7.3046875
1334142002 0.0
1334145601 0.0
1334149201 0.0
1334152801 0.0
1334156401 0.0
1334160001 0.0
1334163601 0.0
1334167201 0.0
1334170801 0.0
1334174401 0.0
1334178001 0.0
1334181603 7.5703125
1334217604 7.6640625
1334221203 7.875
1334224803 7.7109375
1334268004 7.859375
1334361603 7.59375
1334365203 7.5859375
1334368803 7.453125
1334372403 7.5078125
1334376003 7.296875
1334379603 7.6640625
1334383204 7.484375
1334386803 7.40625
1334390403 7.53125
1334394003 7.015625
1334397603 7.046875
1334401203 7.375
1334404804 7.484375
1334408403 7.328125
1334412003 7.7421875
1334415603 7.53125
1334419204 7.625
1334422803 7.6640625
1334426405 4.3828125
1334430005 3.6640625
1334433607 2.6015625
1334437207 3.03125
1334440804 4.5234375
1334444403 7.8828125
1334448003 7.7421875
1334451603 7.765625
1334455203 7.7265625
1334458803 7.7265625
1334462403 7.671875
1334466003 7.6875
1334469603 7.609375
1334473203 7.7421875
1334476803 7.671875
1334480404 5.171875
1334527203 7.5703125
1334563202 0.0
1334566808 2.3125
1334574004 7.6875
1334613604 7.0
1334649606 3.2578125
1334653205 5.421875
1334700003 7.7265625
1334736004 7.203125
1334739604 7.0703125
1334746806 3.515625
1334786403 7.7421875
1334822403 8.08
1334826003 6.6640625
1334829604 7.828125
1334833203 7.6328125
1334872803 7.75
1334959203 7.859375
1334962804 7.875
1334966403 7.9140625
1334970004 5.734375
1334973603 6.015625
1334977203 7.5703125
1334980803 7.6953125
1334984403 7.8359375
1334988003 7.53125
1334991604 8.08
1334995204 7.8828125
1334998803 7.40625
1335049204 7.59375
1335052803 7.8359375
1335056403 7.2578125
1335060004 5.5390625
1335063603 8.24
1335067203 7.6640625
1335070803 7.2265625
1335074404 7.84375
1335078003 6.953125
1335081604 6.0
1335085204 6.6328125
1335088804 6.28125
1335092403 6.5546875
1335132004 7.8203125
1335218404 7.6875
1335312006 3.515625
1335315606 3.203125
1335319206 3.25
1335322807 2.640625
1335326406 3.1171875
1335330006 3.3515625
1335333606 2.9609375
1335337207 2.46875
1335340806 3.25
1335344408 2.4609375
1335391204 7.6171875
1335430803 7.390625
1335434403 7.6953125
1335477604 7.671875
1335520809 1.953125
1335564002 0.0
1335567603 7.46875
1335571203 7.453125
1335574804 5.4140625
1335578404 7.0859375
1335582004 4.6796875
1335585606 3.578125
1335589204 6.0546875
1335592804 4.9921875
1335596403 7.4296875
1335600003 7.296875
1335603607 2.65625
1335607203 7.1640625
1335610803 7.21875
1335657603 7.3984375
1335661203 7.453125
1335664803 6.6171875
1335668403 7.65625
1335672006 3.4609375
1335675603 7.359375
1335679203 7.09375
1335682808 2.5546875
1335686403 7.3984375
1335736806 4.1875
1335772803 7.734375
1335859202 0.0
1335862809 2.21875
1335909603 7.828125
1335945603 7.9765625
1335949203 7.953125
1335952803 7.9765625
1335956403 7.984375
1335960003 7.9609375
1335992402 0.0
1336032004 7.2890625
1336035603 7.96875
1336039203 7.9765625
1336176004 7.8828125
1336179603 7.96875
1336183203 7.953125
1336186803 7.984375
1336190403 7.78125
1336194003 7.9765625
1336197603 7.953125
1336201203 7.9609375
1336204803 7.859375
1336208403 7.890625
1336212003 7.9765625
1336215603 7.96875
1336258801 0.0
1336262404 5.21875
1336266004 4.8046875
1336269604 5.5390625
1336273204 4.40625
1336276804 4.8828125
1336280405 5.3203125
1336284005 4.90625
1336287604 4.4453125
1336291204 4.484375
1336294805 5.4609375
1336298407 2.921875
1336341603 7.2734375
1336381204 7.828125
1336428003 7.78125
1336464001 0.0
1336467604 7.984375
1336471203 7.9765625
1336514403 7.953125
1336550408 2.3125
1336554003 7.8203125
1336557603 7.1875
1336561204 5.4921875
1336600804 6.921875
1336636803 7.90625
1336640403 7.921875
1336780803 7.9140625
1336784403 7.921875
1336788004 6.7734375
1336791604 6.8046875
1336795203 8.08
1336798803 7.5078125
1336802405 5.03125
1336806003 7.4765625
1336809603 7.7890625
1336813203 8.72
1336816804 8.88
1336820403 8.88
1336824003 8.88
1336870804 5.0859375
1336874405 5.1484375
1336878004 5.6015625
1336881605 4.875
1336885204 4.5625
1336888804 5.40625
1336892405 4.59375
1336896005 4.4921875
1336899606 3.3828125
1336946404 7.046875
1336982404 7.4609375
1336986004 7.3828125
1336989603 7.6171875
1337032803 7.7109375
1337068804 7.7109375
1337072403 7.5546875
1337076003 7.6875
1337119206 4.109375
1337205602 0.0
1337385604 7.4609375
1337389203 7.703125
1337392803 7.4609375
1337396405 4.984375
1337400003 6.6484375
1337403603 7.484375
1337407205 4.3203125
1337410803 7.0546875
1337468404 7.7109375
1337472003 7.7109375
1337475603 7.25
1337479203 7.5703125
1337482803 7.6171875
1337486403 8.0
1337490005 4.0546875
1337493604 7.3203125
1337497203 7.328125
1337500803 6.609375
1337551203 8.16
1337554802 8.24
1337558404 7.2265625
1337562003 6.4296875
1337565604 5.7734375
1337569204 6.1953125
1337572803 6.03125
1337576403 6.453125
1337580003 7.5703125
1337583603 8.08
1337587203 7.8671875
1337590804 6.359375
1337637604 7.8984375
1337673603 7.921875
1337677203 7.4609375
1337680804 6.3984375
1337684403 6.859375
1337688004 6.5234375
1337691603 7.6875
1337695203 7.9296875
1337698803 7.859375
1337702403 7.96875
1337706003 8.16
1337709604 7.9453125
1337713204 8.08
1337716803 8.0
1337720403 8.16
1337724003 8.08
1337810403 8.08
1337846403 7.859375
1337850003 7.7109375
1337853604 7.7421875
1337896804 8.16
1337986804 8.16
1337990403 7.90625
1337994004 7.671875
1337997603 7.8359375
1338001203 8.16
1338004804 8.08
1338008403 8.08
1338012002 8.16
1338015603 8.16
1338019203 8.08
1338022804 7.9140625
1338026403 8.08
1338030001 0.0
1338033601 0.0
1338037203 8.16
1338040803 7.4609375
1338044403 6.859375
1338048003 8.16
1338051603 8.08
1338055203 8.08
1338058803 8.16
1338062403 8.16
1338066003 8.08
1338069604 8.16
1338073203 8.08
1338076804 5.6484375
1338080404 8.16
1338084003 8.0
1338087603 8.16
1338091203 7.8125
1338094803 7.828125
1338098404 7.34375
1338102003 8.16
1338105603 8.0
1338109206 3.25
1338112804 4.734375
1338156004 7.0859375
1338192003 8.08
1338195603 7.625
1338278405 7.9609375
1338282003 8.08
1338285603 8.0
1338289204 8.0
1338292804 6.734375
1338296404 7.703125
1338300003 8.0
1338303603 8.08
1338307203 8.08
1338310803 8.08
1338314406 3.015625
1338318006 3.4765625
1338321607 2.78125
1338325207 2.8671875
1338328804 7.296875
1338364804 5.5078125
1338368404 6.0390625
1338372003 8.08
1338375603 7.203125
1338379203 7.921875
1338382806 3.2109375
1338386406 3.2578125
1338390005 4.28125
1338393607 3.140625
1338397207 2.828125
1338400808 2.609375
1338404407 2.7734375
1338408011 2.390625
1338411604 8.08
1338415203 7.96875
1338451204 5.5703125
1338454803 8.08
1338458402 8.88
1338462003 9.04
1338501603 8.08
1338598803 7.9921875
1338602403 7.9296875
1338606003 8.16
1338609603 7.0234375
1338613203 8.24
1338616802 8.24
1338620404 5.90625
1338624003 7.9453125
1338627603 8.16
1338631205 3.84375
1338634803 8.24
1338638403 8.16
1338642005 4.1640625
1338645604 5.5234375
1338649203 6.578125
1338652804 8.16
1338656404 7.7890625
1338660003 8.24
1338663603 8.24
1338667203 8.24
1338670803 8.08
1338674404 8.16
1338678003 8.24
1338681603 7.5078125
1338685203 8.24
1338688804 8.0
1338692403 8.16
1338696003 7.890625
1338699603 8.24
1338703203 8.16
1338706803 7.6796875
1338710403 8.08
1338714009 2.1015625
1338717603 7.6796875
1338721203 8.24
1340074804 8.08
1340078404 8.32
1340082003 8.32
1340085605 4.546875
1340089203 8.24
1340092804 8.16
1340096403 8.32
1340100004 8.32
1340103603 8.32
1340107203 8.24
1340154003 8.32
1340157603 8.24
1340161203 8.08
1340164803 8.24
1340168404 5.296875
1340172003 8.0
1340175603 8.32
1340179203 8.32
1340186404 6.71875
1340265382 0.0
1340265621 0.0
1340269201 0.0
1340272801 0.0
1340276401 0.0
1340409603 7.9375
1340413203 7.8984375
1340416803 7.2265625
1340420403 7.9375
1340424004 6.375
1340427603 7.6796875
1340431203 7.6640625
1340434804 5.046875
1340438405 4.5
1340442004 7.6953125
1340499603 7.9375
1340503203 7.9453125
1340506803 7.9296875
1340510403 7.9375
1340514001 0.0
1340517603 8.08
1340521204 4.7734375
1340524804 4.859375
1340528406 3.4765625
1340611204 6.1953125
1340614803 8.0
1340661606 0.0
1340697604 7.078125
1340701204 8.32
1340748004 6.4296875
1340784005 8.24
1340834404 8.32
1340870406 2.8671875
1340874007 3.2265625
1340877606 3.3203125
1340920803 8.32
1341010804 7.859375
1341014403 8.32
1341018003 8.0
1341021603 8.24
1341025203 8.24
1341028803 7.8984375
1341032403 7.578125
1341036003 8.08
1341039603 7.53125
1341043203 8.32
1341046803 7.53125
1341097201 0.0
1341100803 8.24
1341104403 7.984375
1341108003 8.16
1341111603 7.5546875
1341115203 7.3359375
1341118803 8.0
1341122404 8.32
1341126003 8.16
1341129603 8.24
1341133205 4.34375
1341180003 7.8828125
1341216004 5.734375
1341219603 8.24
1341266403 8.24
1341302403 8.32
1341306003 8.0
1341309604 7.90625
1341313203 8.08
1341316803 8.16
1341320403 8.24
1341324003 8.24
1341327603 8.24
1341331203 8.0
1341334803 8.32
1341338403 8.24
1341342003 8.32
1341345603 8.32
1341349203 8.32
1341352804 8.32
1341388804 8.32
1341392403 8.24
1341439203 8.0
1341475204 7.59375
1341478804 8.0
1341525603 7.984375
1341702003 8.16
1341705603 8.16
1341709203 7.9453125
1341712803 8.16
1341716403 8.08
1341720003 8.16
1341723603 8.16
1341727203 8.16
1341730803 8.0
1341734403 8.16
1341738007 3.0625
1341820804 8.32
1341824403 7.625
1341828003 7.6953125
1341831603 8.32
1341835204 7.5625
1341838803 8.24
1341842403 8.16
1341846003 8.08
1341849603 8.32
1341853203 7.875
1341856803 8.24
1341860403 8.32
1341864003 8.24
1341867603 6.109375
1341871204 8.32
1341957604 8.16
1342044004 8.32
1342173604 7.4453125
1342220403 8.0
1342224003 8.32
1342227603 8.24
1342231203 8.32
1342234803 8.32
1342238403 7.96875
1342242003 8.24
1342245603 8.24
1342249203 8.32
1342252803 8.24
1342256404 7.2421875
1342260003 8.24
1342389604 8.32
1342425603 8.08
1342429204 8.16
1342432803 7.9140625
1342602004 8.24
1342605603 8.24
1342609203 8.16
1342648804 7.78125
1342652403 8.32
1342656003 8.08
1342659603 8.32
1342663203 8.24
1342666804 7.9453125
1342670403 8.32
1342674003 8.16
1342677604 8.32
1342681204 7.9921875
1342684804 7.96875
1342688404 7.28125
1342692003 8.32
1342695603 8.32
1342699203 8.32
1342702803 8.24
1342706403 8.24
1342710003 8.24
1342713603 8.24
1342717202 8.32
1342720803 8.32
1342724403 8.32
1342728003 8.32
1342731603 8.32
1342735203 8.08
1342821604 8.24
1342825203 8.32
1342828804 7.9296875
1342832403 8.0
1342836005 5.5
1342843202 0.0
1342846803 7.484375
1342850403 8.24
1342854004 5.53125
1342857605 4.6640625
1342861208 2.6484375
1342911605 6.1953125
1342915203 8.16
1342918803 8.32
1342922403 8.32
1342926003 8.08
1342929603 8.24
1342933203 8.4
1342936803 8.32
